selectedCar=1.001000
selectedMode=1.000000
