selectedCar=1.030000
selectedMode=1.000000
