selectedMode=1.000000
selectedCar=1.020000
