selectedMode=1.000000
selectedCar=1.010000
